$ANSIBLE_VAULT;1.1;AES256
65393138363231346136623339653331383561646139316162313333333032313738363162356166
3964363730613261646130373534613032613438333864330a643665323837353336333666313939
63353135343663333461376531346261343935663266653439323566646264653334306533616530
6332343737633437650a306366366666326132663635623131303931363963643734363562336364
35363861383834366161626462363034623865353864616566353666376233353333353663353137
30363964386461663732383533386637336563313736386534303235643166653861656139633935
63343966323930303435613533303565396234663163386661366662643839393163336337353932
63366238383537663334653566656463633565633765623838336464303863613132323462336638
31613736396235613931663665393835393063633364393538633563663039393930666630313365
65633335616639336530376533363932356234313838383265393734356233376163343336643436
63653963386136383564323230313331326634353130336265323636613066393034616461313437
38666131306337383161356339343932313936346137393534353863383663643639633263333363
33333764656337383031353830313134363632323265316565333631666165623362306266633333
31613735376531306463343230336162663433386137366162326436396636376330653561656435
32616262613532326133666239393538366365303662316336316230653131396163386331623066
33353266626130363135366364373938666638613863623537616532633061386331373735373466
31623462616235383837383334633364636166323938623362353566613432633965353037373330
66373435333534333130343130653733623937303263313036663035343439656530653938396463
65376235653963373332666463363835646563353535653365396337333464656237303039363864
61333233346235633465336638343632333838623431313736643239303831376363306635333432
36343737306331316638393565633336323862366239333661333766626133336437313765356632
63363364363738363033646537343965663737663262353162616335646664313233336263643132
39363632643663363339336330663661343263353139326162396439303866313465633665636366
36363935316332336234396332636538373630373836666135323364656537333139363461643839
37326561623830373835373230663435626131666137343238333939393264323837633739643738
35313537343263373639366166373164633935353137393138616261393838376565333536613138
64306633356330316432366238643664313364626466303338666130656363356437333265373961
65656333313632343863356262376362303238303063316539353938376333396263666534613039
38373266613532396636313464646132626561306335373932353537616338396262663239393234
34653862333666313331336634373762643436646130646330663465633239373436366135663361
64313466616236303731653936643462646136623731646334653432363961386161346533323439
66623935623433623531643736616533666536633434316162306166336434346463383230636439
63356334633638333731333036356534376230643833613162653461333264303339326333303539
65336664313061653563633638663338626432303636396438646130613833656464656262666164
35353636313131346565656562343134316263323562346464666530653562653331306635646461
37336530616466396432656637393263373835346632336433373766393761336664356533316632
64643666623033343861653238373739343462373535313232316563316663396437346534383736
63613463393262393632366138333236363266643437373335343763643963303131303764303266
38613462343266323735663537613033303739366136366533323338623534343861363631643932
65626562306630643264303063663364626136613536386135313836323164326564323465333130
35303334376234666362373132316533373532656366633732343331633166346463626439656434
31333132623036633733363064393435363537373837336331663436646631623831356237316164
62356137353136393164393937656235346634353065663336333132363862626662313636376234
63623337323430633661306461323737626364393265333265613763313135396130643965333734
36336236303961343031383562643966373833353965623761663262346431396262343136613265
64396634313232373435356136326431333964303462353064353936636232333632313261336234
31323531343239633261336332373462656435623533613234356664396330643366383932383933
37643637343965373063633639663963653332386666353037366330303166373763353764336538
39356431616666366664303939313265333064393661656563313431386664373761323437656366
32396139353639313839626262333764306463613863643531313032343861386639656537343636
62353563333133393261613335653838656132663932393736663862336132616133313734376237
35373333663565373865666264663938663334303537616235393338653732303635336535626265
39363234666531623330653930373266363363343638333938336638333932643463626132313239
64353664346363346332323639373164333431623866633837626365356639393331306366616564
66316538316237343962323131656637386238623763646134636138316238646439393238626331
66666534376430616666646331666530336539663333393931343536386565633238333934343132
65356132343238636639343964333363366636623130356535376432306664326638643433623433
63626662313031393264333233376238633962316563616532333966366332383365343664376262
31623235366535623237326664646362623962373262386262633333633963663634343065383162
37313363666164653962376537653531366663623033636665626465396634376635383930383161
33633935613831636638366263643233313630396464333434353135633866316437353633353139
66643431643436643038633062343237633733666537356532613364323436626337393734366263
38333137653939316130643230626563656539613532343062323232616333393336313537666330
39623664343734333864393966323561613736313132383663383636366634643135373232303266
63626533376635386131613561316262336163616362306662396335353037356235636437623161
64666332623930623132636436306433353830346535393064306233346536646461623530623565
31366662636438636266383264653930393030393638396636343935343639663762366264653064
37616637666437363264376130396237366138333939623230326631313838623364353436313038
33663738633461363566663237316332323365333165623165343532656438653033343666326564
62356234396332376265343064313133336366323737363238626134663862616332313761666564
64303533363562646334373566346137633435313634346663633336323731666638666562613162
31303739383732626463346531373866623031636439346364373161666336396537383031306531
37306430393830373862313435316538616661643238633939373033623061363132333561323164
62636531373063626235646138323163633162383833633164366331313564316639663366353462
30366665333036346266373138333463343333643536353562306466643836363331613734653532
36353733336339396437396564653537376365363832376531306639633865613238636362636332
37393661373036356461623534313337633634666263323734613665343731326663616564316533
64643764353935353837646137366663613030386134653866383231633862343639653962316465
65393966393836346639313739316264653137663439323130626564366564643466323930383765
36623532336333353561
